17857       0.8727      0     0.0136    
17858       0.8818      0     0.0136    
17859       0.9007      0     0.0138    
17860       0.8924      0     0.0136    
17861       0.8985      0     0.0136    
17862       0.9089      0     0.0136    
17863       0.8884      0     0.0141    
17864       0.8997      0     0.0139    
17865       0.9098      0     0.0139    
17866       0.907       0     0.0149    
17867       0.887       0     0.0139    
17868       0.8865      0     0.0137    
17869       0.8923      0     0.0137    
17870       0.906       0     0.0137    
17871       0.8735      0     0.014     
17872       0.8582      0     0.0137    
17873       0.8751      0     0.0159    
17874       0.9085      0     0.0137    
17875       0.8649      0     0.0137    
17876       0.9075      0     0.0134    
17877       0.8876      0     0.0131    
17878       0.8935      0     0.013     
17879       0.8951      0     0.013     
17880       0.8851      0     0.0133    
17881       0.8943      0     0.0138    
17882       0.892       0     0.0137
