17831       0.8801     0     0.0138    
17832       0.9007     0     0.0136    
17833       0.8714     0     0.0136    
17834       0.8799     0     0.0136    
17835       0.8756     0     0.0138    
17836       0.8923     0     0.0138    
17837       0.8817     0     0.0141    
17838       0.884      0     0.0137    
17839       0.8922     0     0.0138    
17840       0.8939     0     0.0139    
17841       0.8868     0     0.0139    
17842       0.8692     0     0.0139    
17843       0.8632     0     0.0135    
17844       0.8577     0     0.0139    
17845       0.8539     0     0.0137    
17846       0.8954     0     0.0138    
17847       0.8731     0     0.0137    
17848       0.878      0     0.0137    
17849       0.8592     0     0.0136    
17850       0.8929     0     0.0138    
17851       0.895      0     0.0138    
17852       0.8809     0     0.0141    
17853       0.8512     0     0.013     
17854       0.9005     0     0.0141    
17855       0.889      0     0.0158    
17856       0.8917     0     0.0138    
