17928       0.8776     0     0.0143    
17929       0.8843     0     0.0135    
17930       0.873      0     0.0131    
17931       0.8745     0     0.0131    
17932       0.8587     0     0.0133    
17933       0.8632     0     0.0129    
17934       0.8822     0     0.0138    
17935       0.8958     0     0.0134    
17936       0.8591     0     0.0138    
17937       0.8789     0     0.0131    
17938       0.8795     0     0.0133    
17939       0.8622     0     0.0128    
17940       0.8572     0     0.0236    
17941       0.8898     0     0.0128    
17942       0.8698     0     0.0131    
17943       0.9023     0     0.0134    
17944       0.889      0     0.0131    
17945       0.8756     0     0.0135    
17946       0.8944     0     0.0131    
17947       0.8676     0     0.0133    
17948       0.87       0     0.0142    
17949       0.8724     0     0.0137    
17950       0.8739     0     0.0131    
17951       0.8719     0     0.0136    
17952       0.8776     0     0.0132
