17953       0.8709    0     0.0128    
17954       0.8706    0     0.0131    
17955       0.9003    0     0.0132    
17956       0.8917    0     0.0131    
17957       0.9036    0     0.0132    
17958       0.8925    0     0.0129    
17959       0.8804    0     0.013     
17960       0.9133    0     0.0135    
17961       0.9114    0     0.0135    
17962       0.8762    0     0.013     
17963       0.8815    0     0.0127    
17964       0.9124    0     0.0134    
17965       0.9004    0     0.0131    
17966       0.8971    0     0.0134    
17967       0.8908    0     0.0136    
17968       0.8812    0     0.0144    
17969       0.9185    0     0.0129    
17970       0.8986    0     0.0127    
17971       0.8704    0     0.0134    
17972       0.8863    0     0.0137    
17973       0.8449    0     0.0129    
17974       0.8615    0     0.0153    
17975       0.9023    0     0.0131    
17976       0.9104    0     0.0133    
17977       0.8839    0     0.0141
